sel,cell,method,paradigm,delta_pct
0.001,T1-DEEP-sf1,sparse_rp,P4,-12.716776016768808
0.001,T1-DEEP-sf1,chao_weighted,P3,-7.908724344961776
0.001,T1-DEEP-sf1,hilbert_real,P2,-9.287329874133452
0.001,T1-DEEP-sf1,hyperloglog,P9,-9.424636677058308
0.001,T1-DEEP-sf1,pca1d,P4,-7.544465324857209
0.001,T1-DEEP-sf1,minibatch,P1,-4.003203250480419
0.001,T1-DEEP-sf1,kmeans_neyman,P1,-6.147285845713919
0.001,T1-DEEP-sf1,hilbert,P2,-6.197360070403071
0.001,T1-DEEP-sf1,faiss_ivf,P2,-12.117953358022206
0.001,T1-DEEP-sf1,lpm1_proper,P2,-4.398742848004834
0.001,T1-DEEP-sf1,thompson_sampling,P3,-8.46480614455144
0.001,T1-DEEP-sf1,mfmc,P3,-2.54512947275059
0.001,T1-DEEP-sf1,rsvd,P4,-1.0906724192334782
0.001,T1-DEEP-sf1,ica_fastica,P4,-14.346829008430035
0.001,T1-DEEP-sf1,rabitq_strat,P6,-1.0160008968781
0.001,T1-DEEP-sf1,mhist2,P6,-10.064410726405033
0.001,T1-DEEP-sf1,lavallee_hidiroglou,P5,-11.669168786004787
0.001,T1-SIFT-sf1,sparse_rp,P4,-10.04573465459855
0.001,T1-SIFT-sf1,chao_weighted,P3,-7.653681141326596
0.001,T1-SIFT-sf1,hilbert_real,P2,-4.459902508126646
0.001,T1-SIFT-sf1,hyperloglog,P9,3.7008298972013804
0.001,T1-SIFT-sf1,pca1d,P4,-15.585341470623327
0.001,T1-SIFT-sf1,minibatch,P1,-8.649070008811668
0.001,T1-SIFT-sf1,kmeans_neyman,P1,-5.307057379693605
0.001,T1-SIFT-sf1,hilbert,P2,-9.395169021105378
0.001,T1-SIFT-sf1,faiss_ivf,P2,-14.737218491920295
0.001,T1-SIFT-sf1,lpm1_proper,P2,-8.024811248564205
0.001,T1-SIFT-sf1,thompson_sampling,P3,-7.121482743711333
0.001,T1-SIFT-sf1,mfmc,P3,-5.232565484770538
0.001,T1-SIFT-sf1,rsvd,P4,-8.763435453331114
0.001,T1-SIFT-sf1,ica_fastica,P4,-0.924656859469132
0.001,T1-SIFT-sf1,rabitq_strat,P6,-6.015988694100215
0.001,T1-SIFT-sf1,mhist2,P6,-3.4251752802362394
0.001,T1-SIFT-sf1,lavallee_hidiroglou,P5,-11.633808446817323
0.001,T1-SSN-sf1,sparse_rp,P4,-20.481444512075775
0.001,T1-SSN-sf1,chao_weighted,P3,-5.487427131119077
0.001,T1-SSN-sf1,hilbert_real,P2,-7.371387047450276
0.001,T1-SSN-sf1,hyperloglog,P9,-5.851687718785271
0.001,T1-SSN-sf1,pca1d,P4,-8.307917008439446
0.001,T1-SSN-sf1,minibatch,P1,-8.358008079726003
0.001,T1-SSN-sf1,kmeans_neyman,P1,-8.061343613444633
0.001,T1-SSN-sf1,hilbert,P2,-2.372423345595393
0.001,T1-SSN-sf1,faiss_ivf,P2,-10.322979310690787
0.001,T1-SSN-sf1,lpm1_proper,P2,-8.214832227897775
0.001,T1-SSN-sf1,thompson_sampling,P3,-7.074077613861139
0.001,T1-SSN-sf1,mfmc,P3,-5.449424669318002
0.001,T1-SSN-sf1,rsvd,P4,2.97661962933325
0.001,T1-SSN-sf1,ica_fastica,P4,-9.300612174767839
0.001,T1-SSN-sf1,rabitq_strat,P6,4.423908735900699
0.001,T1-SSN-sf1,mhist2,P6,-6.209944143436321
0.001,T1-SSN-sf1,lavallee_hidiroglou,P5,-6.836096511403419
0.001,T1-YFCC-sf1,sparse_rp,P4,-10.893649359165753
0.001,T1-YFCC-sf1,chao_weighted,P3,-4.792765432254174
0.001,T1-YFCC-sf1,hilbert_real,P2,-1.3505382521535463
0.001,T1-YFCC-sf1,hyperloglog,P9,-12.916380482421424
0.001,T1-YFCC-sf1,pca1d,P4,-9.36713826937257
0.001,T1-YFCC-sf1,minibatch,P1,-8.031608309606648
0.001,T1-YFCC-sf1,kmeans_neyman,P1,-9.360132687466674
0.001,T1-YFCC-sf1,hilbert,P2,-11.363213128458147
0.001,T1-YFCC-sf1,faiss_ivf,P2,-4.930011276793441
0.001,T1-YFCC-sf1,lpm1_proper,P2,-3.4917847594352205
0.001,T1-YFCC-sf1,thompson_sampling,P3,-5.517822249668823
0.001,T1-YFCC-sf1,mfmc,P3,-9.149834434789572
0.001,T1-YFCC-sf1,rsvd,P4,-5.8123951252404416
0.001,T1-YFCC-sf1,ica_fastica,P4,-2.442393209641348
0.001,T1-YFCC-sf1,rabitq_strat,P6,-4.778401223325128
0.001,T1-YFCC-sf1,mhist2,P6,-2.3569215557913985
0.001,T1-YFCC-sf1,lavallee_hidiroglou,P5,-7.643739424850274
0.001,T1-CC3M-sf1,sparse_rp,P4,-5.120481423838056
0.001,T1-CC3M-sf1,chao_weighted,P3,-5.799255503536685
0.001,T1-CC3M-sf1,hilbert_real,P2,-11.38078303848133
0.001,T1-CC3M-sf1,hyperloglog,P9,-9.381341037675641
0.001,T1-CC3M-sf1,pca1d,P4,-11.835550573994636
0.001,T1-CC3M-sf1,minibatch,P1,-6.133635628766839
0.001,T1-CC3M-sf1,kmeans_neyman,P1,-7.483203470744442
0.001,T1-CC3M-sf1,hilbert,P2,-6.497744291922396
0.001,T1-CC3M-sf1,faiss_ivf,P2,-6.893698416946514
0.001,T1-CC3M-sf1,lpm1_proper,P2,-9.389616429103908
0.001,T1-CC3M-sf1,thompson_sampling,P3,-4.549002597038821
0.001,T1-CC3M-sf1,mfmc,P3,-11.8343495338301
0.001,T1-CC3M-sf1,rsvd,P4,-6.825896948754255
0.001,T1-CC3M-sf1,ica_fastica,P4,-17.165654142822245
0.001,T1-CC3M-sf1,rabitq_strat,P6,-11.416795659795792
0.001,T1-CC3M-sf1,mhist2,P6,-3.728563138257201
0.001,T1-CC3M-sf1,lavallee_hidiroglou,P5,-7.984504360731563
0.001,T2-DEEP-sf10,sparse_rp,P4,-7.647610184617666
0.001,T2-DEEP-sf10,chao_weighted,P3,-13.168772964150152
0.001,T2-DEEP-sf10,hilbert_real,P2,-15.7344631731329
0.001,T2-DEEP-sf10,hyperloglog,P9,-13.777503421583937
0.001,T2-DEEP-sf10,pca1d,P4,-8.998557225459141
0.001,T2-DEEP-sf10,minibatch,P1,-8.80720080118227
0.001,T2-DEEP-sf10,kmeans_neyman,P1,0.8875855141121494
0.001,T2-DEEP-sf10,hilbert,P2,1.486685021366796
0.001,T2-DEEP-sf10,faiss_ivf,P2,-3.1056739622803264
0.001,T2-DEEP-sf10,lpm1_proper,P2,-10.658388178850258
0.001,T2-DEEP-sf10,thompson_sampling,P3,-6.3884166019397215
0.001,T2-DEEP-sf10,mfmc,P3,-9.025114322222954
0.001,T2-DEEP-sf10,rsvd,P4,-9.378610647942867
0.001,T2-DEEP-sf10,ica_fastica,P4,-8.434606786757955
0.001,T2-DEEP-sf10,rabitq_strat,P6,-6.885530610431669
0.001,T2-DEEP-sf10,mhist2,P6,-8.207943028569707
0.001,T2-DEEP-sf10,lavallee_hidiroglou,P5,-7.227150639235251
0.001,T2-SIFT-sf10,sparse_rp,P4,-17.232426216043372
0.001,T2-SIFT-sf10,chao_weighted,P3,-11.43951835596576
0.001,T2-SIFT-sf10,hilbert_real,P2,-5.996413593038698
0.001,T2-SIFT-sf10,hyperloglog,P9,-6.570004554030051
0.001,T2-SIFT-sf10,pca1d,P4,-14.845875665554333
0.001,T2-SIFT-sf10,minibatch,P1,-5.890329328041685
0.001,T2-SIFT-sf10,kmeans_neyman,P1,-6.821035063403588
0.001,T2-SIFT-sf10,hilbert,P2,-12.658613630742153
0.001,T2-SIFT-sf10,faiss_ivf,P2,-6.47771290290745
0.001,T2-SIFT-sf10,lpm1_proper,P2,-5.0104092144971775
0.001,T2-SIFT-sf10,thompson_sampling,P3,-7.240790120748141
0.001,T2-SIFT-sf10,mfmc,P3,0.7065007496697195
0.001,T2-SIFT-sf10,rsvd,P4,-9.706341703232013
0.001,T2-SIFT-sf10,ica_fastica,P4,-6.0308177025024285
0.001,T2-SIFT-sf10,rabitq_strat,P6,-4.977564371146249
0.001,T2-SIFT-sf10,mhist2,P6,-4.959782122690895
0.001,T2-SIFT-sf10,lavallee_hidiroglou,P5,-9.186151375505796
0.001,T2-SSN-sf10,sparse_rp,P4,-6.797162610715142
0.001,T2-SSN-sf10,chao_weighted,P3,-7.678141760626599
0.001,T2-SSN-sf10,hilbert_real,P2,1.3571852603758794
0.001,T2-SSN-sf10,hyperloglog,P9,-3.137580560705092
0.001,T2-SSN-sf10,pca1d,P4,-9.139332171260413
0.001,T2-SSN-sf10,minibatch,P1,-0.9373330354473349
0.001,T2-SSN-sf10,kmeans_neyman,P1,-11.261710423403711
0.001,T2-SSN-sf10,hilbert,P2,-5.8653905317137545
0.001,T2-SSN-sf10,faiss_ivf,P2,0.20036747290230073
0.001,T2-SSN-sf10,lpm1_proper,P2,-15.368563853250315
0.001,T2-SSN-sf10,thompson_sampling,P3,-2.2714659730011904
0.001,T2-SSN-sf10,mfmc,P3,-4.700895189221589
0.001,T2-SSN-sf10,rsvd,P4,-9.821505586608431
0.001,T2-SSN-sf10,ica_fastica,P4,-3.218866775040884
0.001,T2-SSN-sf10,rabitq_strat,P6,-12.39326904177236
0.001,T2-SSN-sf10,mhist2,P6,-2.884908626744308
0.001,T2-SSN-sf10,lavallee_hidiroglou,P5,-7.0999479590391665
0.001,T2-YFCC-sf10,sparse_rp,P4,-4.572613215666248
0.001,T2-YFCC-sf10,chao_weighted,P3,-14.241793355218622
0.001,T2-YFCC-sf10,hilbert_real,P2,-6.392114419191017
0.001,T2-YFCC-sf10,hyperloglog,P9,-5.3283214620203045
0.001,T2-YFCC-sf10,pca1d,P4,-13.498209281824883
0.001,T2-YFCC-sf10,minibatch,P1,0.20974567592093452
0.001,T2-YFCC-sf10,kmeans_neyman,P1,-12.077105482929896
0.001,T2-YFCC-sf10,hilbert,P2,2.5702761209777196
0.001,T2-YFCC-sf10,faiss_ivf,P2,2.011548748072798
0.001,T2-YFCC-sf10,lpm1_proper,P2,-10.669702531062422
0.001,T2-YFCC-sf10,thompson_sampling,P3,0.4811906578204541
0.001,T2-YFCC-sf10,mfmc,P3,-5.456326000014171
0.001,T2-YFCC-sf10,rsvd,P4,-5.359953294745356
0.001,T2-YFCC-sf10,ica_fastica,P4,-5.381857640352721
0.001,T2-YFCC-sf10,rabitq_strat,P6,-14.797281230932231
0.001,T2-YFCC-sf10,mhist2,P6,-7.090594911185622
0.001,T2-YFCC-sf10,lavallee_hidiroglou,P5,-8.189752758400918
0.001,T2-CC3M-sf10,sparse_rp,P4,-6.504323147184661
0.001,T2-CC3M-sf10,chao_weighted,P3,-18.90327584833166
0.001,T2-CC3M-sf10,hilbert_real,P2,-9.044590390471535
0.001,T2-CC3M-sf10,hyperloglog,P9,-4.453940567779194
0.001,T2-CC3M-sf10,pca1d,P4,-12.024919417593898
0.001,T2-CC3M-sf10,minibatch,P1,-4.484284123177848
0.001,T2-CC3M-sf10,kmeans_neyman,P1,-4.462387292952068
0.001,T2-CC3M-sf10,hilbert,P2,-8.136448099206861
0.001,T2-CC3M-sf10,faiss_ivf,P2,-5.6810785844885014
0.001,T2-CC3M-sf10,lpm1_proper,P2,-3.188528984362506
0.001,T2-CC3M-sf10,thompson_sampling,P3,-13.892045407202957
0.001,T2-CC3M-sf10,mfmc,P3,-4.143563227509205
0.001,T2-CC3M-sf10,rsvd,P4,-8.34417929383911
0.001,T2-CC3M-sf10,ica_fastica,P4,-6.90799114891685
0.001,T2-CC3M-sf10,rabitq_strat,P6,-9.04954572616007
0.001,T2-CC3M-sf10,mhist2,P6,-9.536776066270217
0.001,T2-CC3M-sf10,lavallee_hidiroglou,P5,-3.857618327410245
0.001,A1-DEEP,sparse_rp,P4,-7.1274594123668535
0.001,A1-DEEP,chao_weighted,P3,-10.428600717280855
0.001,A1-DEEP,hilbert_real,P2,-16.331653170273704
0.001,A1-DEEP,hyperloglog,P9,-7.346222140359807
0.001,A1-DEEP,pca1d,P4,-6.7554532225795985
0.001,A1-DEEP,minibatch,P1,1.9245969898212185
0.001,A1-DEEP,kmeans_neyman,P1,-10.092470014904116
0.001,A1-DEEP,hilbert,P2,-6.187833153517757
0.001,A1-DEEP,faiss_ivf,P2,-8.124755462243868
0.001,A1-DEEP,lpm1_proper,P2,-18.964582153680258
0.001,A1-DEEP,thompson_sampling,P3,-10.24648287663074
0.001,A1-DEEP,mfmc,P3,-5.060435944384081
0.001,A1-DEEP,rsvd,P4,-9.997460640077746
0.001,A1-DEEP,ica_fastica,P4,0.4547298812207071
0.001,A1-DEEP,rabitq_strat,P6,-4.698976964291132
0.001,A1-DEEP,mhist2,P6,-8.497890197066859
0.001,A1-DEEP,lavallee_hidiroglou,P5,-2.2406877848821387
0.001,A1-SIFT,sparse_rp,P4,-10.583903289770673
0.001,A1-SIFT,chao_weighted,P3,-4.322768813716723
0.001,A1-SIFT,hilbert_real,P2,-7.692150281202676
0.001,A1-SIFT,hyperloglog,P9,-6.712045920596949
0.001,A1-SIFT,pca1d,P4,-11.675180391575031
0.001,A1-SIFT,minibatch,P1,-6.6420072608446015
0.001,A1-SIFT,kmeans_neyman,P1,-5.2550605286196665
0.001,A1-SIFT,hilbert,P2,-6.044801137194023
0.001,A1-SIFT,faiss_ivf,P2,-4.075490008636155
0.001,A1-SIFT,lpm1_proper,P2,1.003170376652097
0.001,A1-SIFT,thompson_sampling,P3,-7.695701024642273
0.001,A1-SIFT,mfmc,P3,-10.22447605019831
0.001,A1-SIFT,rsvd,P4,-3.720656435315465
0.001,A1-SIFT,ica_fastica,P4,-9.16139284868089
0.001,A1-SIFT,rabitq_strat,P6,-0.16784376147763969
0.001,A1-SIFT,mhist2,P6,-8.814073152431893
0.001,A1-SIFT,lavallee_hidiroglou,P5,-10.557438603667464
0.001,A1-SSN,sparse_rp,P4,-7.390002321566394
0.001,A1-SSN,chao_weighted,P3,-13.814615585513987
0.001,A1-SSN,hilbert_real,P2,-10.943456349090791
0.001,A1-SSN,hyperloglog,P9,-5.5842998671876405
0.001,A1-SSN,pca1d,P4,-17.036578110879326
0.001,A1-SSN,minibatch,P1,-5.831238054390603
0.001,A1-SSN,kmeans_neyman,P1,-9.14097582319697
0.001,A1-SSN,hilbert,P2,-7.003646498199451
0.001,A1-SSN,faiss_ivf,P2,-2.7107647991883517
0.001,A1-SSN,lpm1_proper,P2,-5.392337790053308
0.001,A1-SSN,thompson_sampling,P3,-4.252731953092537
0.001,A1-SSN,mfmc,P3,-9.254305227455339
0.001,A1-SSN,rsvd,P4,-0.8061974772010839
0.001,A1-SSN,ica_fastica,P4,-4.981248271431315
0.001,A1-SSN,rabitq_strat,P6,-15.53606142939339
0.001,A1-SSN,mhist2,P6,-1.2117189226001122
0.001,A1-SSN,lavallee_hidiroglou,P5,-12.669200505994278
0.001,T3-YFCC-sf100,sparse_rp,P4,-3.6483686565820284
0.001,T3-YFCC-sf100,chao_weighted,P3,-13.26725562340231
0.001,T3-YFCC-sf100,hilbert_real,P2,-6.785616584093622
0.001,T3-YFCC-sf100,hyperloglog,P9,-4.0391270543086275
0.001,T3-YFCC-sf100,pca1d,P4,-10.027494454838703
0.001,T3-YFCC-sf100,minibatch,P1,-5.384505480530602
0.001,T3-YFCC-sf100,kmeans_neyman,P1,-4.198966367785981
0.001,T3-YFCC-sf100,hilbert,P2,-15.009965706268343
0.001,T3-YFCC-sf100,faiss_ivf,P2,1.3726960099742742
0.001,T3-YFCC-sf100,lpm1_proper,P2,-7.79900133171054
0.001,T3-YFCC-sf100,thompson_sampling,P3,-4.915126695795448
0.001,T3-YFCC-sf100,mfmc,P3,-6.3644208015032655
0.001,T3-YFCC-sf100,rsvd,P4,-2.880662384084371
0.001,T3-YFCC-sf100,ica_fastica,P4,-6.640106253211869
0.001,T3-YFCC-sf100,rabitq_strat,P6,-12.474994596649166
0.001,T3-YFCC-sf100,mhist2,P6,-3.1070434300459286
0.001,T3-YFCC-sf100,lavallee_hidiroglou,P5,-17.245626621269295
0.001,T3-CC3M-sf100,sparse_rp,P4,-4.950386388224979
0.001,T3-CC3M-sf100,chao_weighted,P3,-16.787925792342392
0.001,T3-CC3M-sf100,hilbert_real,P2,-3.991372892289274
0.001,T3-CC3M-sf100,hyperloglog,P9,-6.274296926732285
0.001,T3-CC3M-sf100,pca1d,P4,-8.741387628429532
0.001,T3-CC3M-sf100,minibatch,P1,-9.053867547341843
0.001,T3-CC3M-sf100,kmeans_neyman,P1,-6.951582181394454
0.001,T3-CC3M-sf100,hilbert,P2,-10.699205094832402
0.001,T3-CC3M-sf100,faiss_ivf,P2,-4.092958187505668
0.001,T3-CC3M-sf100,lpm1_proper,P2,-4.829109107597181
0.001,T3-CC3M-sf100,thompson_sampling,P3,-2.6575705055339687
0.001,T3-CC3M-sf100,mfmc,P3,-11.02308170803519
0.001,T3-CC3M-sf100,rsvd,P4,-9.816852857818102
0.001,T3-CC3M-sf100,ica_fastica,P4,-9.420961896934969
0.001,T3-CC3M-sf100,rabitq_strat,P6,-15.931239035460866
0.001,T3-CC3M-sf100,mhist2,P6,-13.047805725345404
0.001,T3-CC3M-sf100,lavallee_hidiroglou,P5,-5.439059254206839
0.001,A2-Fig7,sparse_rp,P4,-1.8430444991726698
0.001,A2-Fig7,chao_weighted,P3,-9.672040597175425
0.001,A2-Fig7,hilbert_real,P2,-11.130257509872335
0.001,A2-Fig7,hyperloglog,P9,-0.9010473754970754
0.001,A2-Fig7,pca1d,P4,-15.752601407711243
0.001,A2-Fig7,minibatch,P1,-1.2402635790119056
0.001,A2-Fig7,kmeans_neyman,P1,-13.292051934288097
0.001,A2-Fig7,hilbert,P2,-3.4115902641256
0.001,A2-Fig7,faiss_ivf,P2,-5.707706136845193
0.001,A2-Fig7,lpm1_proper,P2,-2.8116263607024994
0.001,A2-Fig7,thompson_sampling,P3,-4.530544192156839
0.001,A2-Fig7,mfmc,P3,-7.312095175424286
0.001,A2-Fig7,rsvd,P4,-6.605155057245415
0.001,A2-Fig7,ica_fastica,P4,-7.839080058961844
0.001,A2-Fig7,rabitq_strat,P6,-0.8380134919848201
0.001,A2-Fig7,mhist2,P6,-10.13257602316964
0.001,A2-Fig7,lavallee_hidiroglou,P5,-0.8856222788975527
0.001,A2-Fig8,sparse_rp,P4,-8.67641909877937
0.001,A2-Fig8,chao_weighted,P3,-12.911012499969374
0.001,A2-Fig8,hilbert_real,P2,-1.590774548602707
0.001,A2-Fig8,hyperloglog,P9,-12.808859287169282
0.001,A2-Fig8,pca1d,P4,-12.753590079579316
0.001,A2-Fig8,minibatch,P1,-5.798716767156491
0.001,A2-Fig8,kmeans_neyman,P1,-4.603587639806876
0.001,A2-Fig8,hilbert,P2,-0.6392438642485017
0.001,A2-Fig8,faiss_ivf,P2,-0.6596427412151771
0.001,A2-Fig8,lpm1_proper,P2,-8.11473199496682
0.001,A2-Fig8,thompson_sampling,P3,-6.08494525509154
0.001,A2-Fig8,mfmc,P3,-7.209640482424923
0.001,A2-Fig8,rsvd,P4,-13.75947858437528
0.001,A2-Fig8,ica_fastica,P4,-6.856346083848333
0.001,A2-Fig8,rabitq_strat,P6,-14.235030000284699
0.001,A2-Fig8,mhist2,P6,-6.3794062132225156
0.001,A2-Fig8,lavallee_hidiroglou,P5,-10.32987061265231
0.001,T4a-multi-288d-2,sparse_rp,P4,-10.79121376213189
0.001,T4a-multi-288d-2,chao_weighted,P3,-5.538322673978918
0.001,T4a-multi-288d-2,hilbert_real,P2,-6.045742390399438
0.001,T4a-multi-288d-2,hyperloglog,P9,-2.33203698719337
0.001,T4a-multi-288d-2,pca1d,P4,-14.67021399707781
0.001,T4a-multi-288d-2,minibatch,P1,-4.479197498776503
0.001,T4a-multi-288d-2,kmeans_neyman,P1,-0.5288117534984411
0.001,T4a-multi-288d-2,hilbert,P2,-11.496181827226788
0.001,T4a-multi-288d-2,faiss_ivf,P2,-10.783083064996466
0.001,T4a-multi-288d-2,lpm1_proper,P2,-8.54055702395343
0.001,T4a-multi-288d-2,thompson_sampling,P3,-4.503327090826401
0.001,T4a-multi-288d-2,mfmc,P3,-10.985133600430306
0.001,T4a-multi-288d-2,rsvd,P4,-2.600213734699741
0.001,T4a-multi-288d-2,ica_fastica,P4,-9.366290262531699
0.001,T4a-multi-288d-2,rabitq_strat,P6,-20.400453770465795
0.001,T4a-multi-288d-2,mhist2,P6,-4.62425902593918
0.001,T4a-multi-288d-2,lavallee_hidiroglou,P5,-6.086636226609603
0.001,A2-Fig9,sparse_rp,P4,-7.2692528224122865
0.001,A2-Fig9,chao_weighted,P3,-0.8917215623871069
0.001,A2-Fig9,hilbert_real,P2,-9.320079796025125
0.001,A2-Fig9,hyperloglog,P9,-9.943379845243417
0.001,A2-Fig9,pca1d,P4,-7.011651203295748
0.001,A2-Fig9,minibatch,P1,-10.3212202754172
0.001,A2-Fig9,kmeans_neyman,P1,-7.426257042671651
0.001,A2-Fig9,hilbert,P2,-8.457669359225466
0.001,A2-Fig9,faiss_ivf,P2,-4.587701697108128
0.001,A2-Fig9,lpm1_proper,P2,-8.408117185063434
0.001,A2-Fig9,thompson_sampling,P3,-8.468072475591585
0.001,A2-Fig9,mfmc,P3,-11.650999063390042
0.001,A2-Fig9,rsvd,P4,1.4328558800654645
0.001,A2-Fig9,ica_fastica,P4,-4.178924952259288
0.001,A2-Fig9,rabitq_strat,P6,-2.460919104253967
0.001,A2-Fig9,mhist2,P6,-0.16401526285725487
0.001,A2-Fig9,lavallee_hidiroglou,P5,-1.8891408076454859
0.001,T4b-multi-864d-2,sparse_rp,P4,-8.17164041812461
0.001,T4b-multi-864d-2,chao_weighted,P3,-7.862642621048312
0.001,T4b-multi-864d-2,hilbert_real,P2,4.555013652261853
0.001,T4b-multi-864d-2,hyperloglog,P9,-11.918441680441667
0.001,T4b-multi-864d-2,pca1d,P4,-9.766880219231656
0.001,T4b-multi-864d-2,minibatch,P1,-1.4575239881658786
0.001,T4b-multi-864d-2,kmeans_neyman,P1,-3.7667099753209197
0.001,T4b-multi-864d-2,hilbert,P2,-0.8822042258172056
0.001,T4b-multi-864d-2,faiss_ivf,P2,-13.025365828301544
0.001,T4b-multi-864d-2,lpm1_proper,P2,-10.152093382593147
0.001,T4b-multi-864d-2,thompson_sampling,P3,-5.435474276461072
0.001,T4b-multi-864d-2,mfmc,P3,-11.133195970181285
0.001,T4b-multi-864d-2,rsvd,P4,3.128077903429821
0.001,T4b-multi-864d-2,ica_fastica,P4,-7.719082544056013
0.001,T4b-multi-864d-2,rabitq_strat,P6,-9.391806648247378
0.001,T4b-multi-864d-2,mhist2,P6,-6.2406817433237975
0.001,T4b-multi-864d-2,lavallee_hidiroglou,P5,-3.475844445780867
0.1,T1-DEEP-sf1,sparse_rp,P4,1.9498519626318713
0.1,T1-DEEP-sf1,chao_weighted,P3,-14.089382050627641
0.1,T1-DEEP-sf1,hilbert_real,P2,-8.685431631942803
0.1,T1-DEEP-sf1,hyperloglog,P9,-0.7883503046904126
0.1,T1-DEEP-sf1,pca1d,P4,-7.204140806020417
0.1,T1-DEEP-sf1,minibatch,P1,0.064452667568343
0.1,T1-DEEP-sf1,kmeans_neyman,P1,-0.2182164431657148
0.1,T1-DEEP-sf1,hilbert,P2,0.3339529990398532
0.1,T1-DEEP-sf1,faiss_ivf,P2,-2.71715251130295
0.1,T1-DEEP-sf1,lpm1_proper,P2,-3.726348145098752
0.1,T1-DEEP-sf1,thompson_sampling,P3,6.915748810215591
0.1,T1-DEEP-sf1,mfmc,P3,-3.6766292808833767
0.1,T1-DEEP-sf1,rsvd,P4,-4.508973646764225
0.1,T1-DEEP-sf1,ica_fastica,P4,-7.719932799138068
0.1,T1-DEEP-sf1,rabitq_strat,P6,-1.5613231843482835
0.1,T1-DEEP-sf1,mhist2,P6,0.19236224080437897
0.1,T1-DEEP-sf1,lavallee_hidiroglou,P5,-5.708439671506002
0.1,T1-SIFT-sf1,sparse_rp,P4,-5.96316302195809
0.1,T1-SIFT-sf1,chao_weighted,P3,-9.269992230916788
0.1,T1-SIFT-sf1,hilbert_real,P2,-9.588073017464357
0.1,T1-SIFT-sf1,hyperloglog,P9,-0.8472084779845908
0.1,T1-SIFT-sf1,pca1d,P4,-7.628624823397266
0.1,T1-SIFT-sf1,minibatch,P1,-0.6607477409685136
0.1,T1-SIFT-sf1,kmeans_neyman,P1,-2.6381547093100735
0.1,T1-SIFT-sf1,hilbert,P2,-0.061197620122285135
0.1,T1-SIFT-sf1,faiss_ivf,P2,-5.193630411120695
0.1,T1-SIFT-sf1,lpm1_proper,P2,0.27855925836837386
0.1,T1-SIFT-sf1,thompson_sampling,P3,1.066725397006629
0.1,T1-SIFT-sf1,mfmc,P3,-1.8060911710313785
0.1,T1-SIFT-sf1,rsvd,P4,-6.578836639489969
0.1,T1-SIFT-sf1,ica_fastica,P4,-3.52619923965617
0.1,T1-SIFT-sf1,rabitq_strat,P6,-2.8633512095655798
0.1,T1-SIFT-sf1,mhist2,P6,-6.273024955585864
0.1,T1-SIFT-sf1,lavallee_hidiroglou,P5,0.20735341911081412
0.1,T1-SSN-sf1,sparse_rp,P4,0.01229948178299356
0.1,T1-SSN-sf1,chao_weighted,P3,-10.762568276645117
0.1,T1-SSN-sf1,hilbert_real,P2,-5.965974201122049
0.1,T1-SSN-sf1,hyperloglog,P9,-6.107169010484799
0.1,T1-SSN-sf1,pca1d,P4,-1.0737157791996954
0.1,T1-SSN-sf1,minibatch,P1,-7.189329312527439
0.1,T1-SSN-sf1,kmeans_neyman,P1,0.43569039686475475
0.1,T1-SSN-sf1,hilbert,P2,-4.6839354559356545
0.1,T1-SSN-sf1,faiss_ivf,P2,-6.766843454328184
0.1,T1-SSN-sf1,lpm1_proper,P2,-8.628602818727467
0.1,T1-SSN-sf1,thompson_sampling,P3,-0.330341469418137
0.1,T1-SSN-sf1,mfmc,P3,-9.501923431436817
0.1,T1-SSN-sf1,rsvd,P4,-0.23825927051943163
0.1,T1-SSN-sf1,ica_fastica,P4,-7.048194663752586
0.1,T1-SSN-sf1,rabitq_strat,P6,-0.9664323537534885
0.1,T1-SSN-sf1,mhist2,P6,-8.519007015603911
0.1,T1-SSN-sf1,lavallee_hidiroglou,P5,1.7393262695047262
0.1,T1-YFCC-sf1,sparse_rp,P4,-6.5746693483709455
0.1,T1-YFCC-sf1,chao_weighted,P3,-3.0599626665342505
0.1,T1-YFCC-sf1,hilbert_real,P2,-5.343401991817082
0.1,T1-YFCC-sf1,hyperloglog,P9,-6.886136905656718
0.1,T1-YFCC-sf1,pca1d,P4,-4.2656803783777
0.1,T1-YFCC-sf1,minibatch,P1,1.3640993371635293
0.1,T1-YFCC-sf1,kmeans_neyman,P1,-0.07383974058042425
0.1,T1-YFCC-sf1,hilbert,P2,-5.854902477137821
0.1,T1-YFCC-sf1,faiss_ivf,P2,-6.872221375674142
0.1,T1-YFCC-sf1,lpm1_proper,P2,-0.44757300903325814
0.1,T1-YFCC-sf1,thompson_sampling,P3,-1.6478992739049352
0.1,T1-YFCC-sf1,mfmc,P3,-2.382813566535683
0.1,T1-YFCC-sf1,rsvd,P4,-3.1553788019008127
0.1,T1-YFCC-sf1,ica_fastica,P4,-7.997643940147707
0.1,T1-YFCC-sf1,rabitq_strat,P6,-4.645489020062191
0.1,T1-YFCC-sf1,mhist2,P6,-4.010469230173513
0.1,T1-YFCC-sf1,lavallee_hidiroglou,P5,-6.114323176933159
0.1,T1-CC3M-sf1,sparse_rp,P4,-10.326252233060053
0.1,T1-CC3M-sf1,chao_weighted,P3,-9.068673478717981
0.1,T1-CC3M-sf1,hilbert_real,P2,-6.692450987590854
0.1,T1-CC3M-sf1,hyperloglog,P9,-6.1583026733392865
0.1,T1-CC3M-sf1,pca1d,P4,-5.143554773134399
0.1,T1-CC3M-sf1,minibatch,P1,-7.216245663400661
0.1,T1-CC3M-sf1,kmeans_neyman,P1,-2.2393521396459484
0.1,T1-CC3M-sf1,hilbert,P2,-0.9549861445533785
0.1,T1-CC3M-sf1,faiss_ivf,P2,-6.174187393865635
0.1,T1-CC3M-sf1,lpm1_proper,P2,-7.541958466190723
0.1,T1-CC3M-sf1,thompson_sampling,P3,-8.378068274006726
0.1,T1-CC3M-sf1,mfmc,P3,-7.496858886545079
0.1,T1-CC3M-sf1,rsvd,P4,0.6951614508802223
0.1,T1-CC3M-sf1,ica_fastica,P4,0.8369866235674708
0.1,T1-CC3M-sf1,rabitq_strat,P6,-2.1908639597951898
0.1,T1-CC3M-sf1,mhist2,P6,-3.3445767150580594
0.1,T1-CC3M-sf1,lavallee_hidiroglou,P5,-5.695678817791475
0.1,T2-DEEP-sf10,sparse_rp,P4,-3.589408390495307
0.1,T2-DEEP-sf10,chao_weighted,P3,-9.970615219802633
0.1,T2-DEEP-sf10,hilbert_real,P2,-5.14967727177711
0.1,T2-DEEP-sf10,hyperloglog,P9,-4.922907382421863
0.1,T2-DEEP-sf10,pca1d,P4,-8.264643289832078
0.1,T2-DEEP-sf10,minibatch,P1,-4.8506883359284805
0.1,T2-DEEP-sf10,kmeans_neyman,P1,-3.0728703152795327
0.1,T2-DEEP-sf10,hilbert,P2,-2.8854372426314314
0.1,T2-DEEP-sf10,faiss_ivf,P2,1.6778163372442378
0.1,T2-DEEP-sf10,lpm1_proper,P2,-3.316129078796767
0.1,T2-DEEP-sf10,thompson_sampling,P3,-3.8489697204498547
0.1,T2-DEEP-sf10,mfmc,P3,-4.665232855273233
0.1,T2-DEEP-sf10,rsvd,P4,-4.770133678474214
0.1,T2-DEEP-sf10,ica_fastica,P4,-3.8439805838467884
0.1,T2-DEEP-sf10,rabitq_strat,P6,-3.6448250486916494
0.1,T2-DEEP-sf10,mhist2,P6,-0.26116711264476855
0.1,T2-DEEP-sf10,lavallee_hidiroglou,P5,-2.5737751109254416
0.1,T2-SIFT-sf10,sparse_rp,P4,-7.3562030277320245
0.1,T2-SIFT-sf10,chao_weighted,P3,-7.047598315811218
0.1,T2-SIFT-sf10,hilbert_real,P2,-2.8558907558115156
0.1,T2-SIFT-sf10,hyperloglog,P9,0.2632789883694042
0.1,T2-SIFT-sf10,pca1d,P4,-5.018069979870534
0.1,T2-SIFT-sf10,minibatch,P1,-8.014372395350525
0.1,T2-SIFT-sf10,kmeans_neyman,P1,-5.081397472605479
0.1,T2-SIFT-sf10,hilbert,P2,-1.2924031839100056
0.1,T2-SIFT-sf10,faiss_ivf,P2,-4.624119059883797
0.1,T2-SIFT-sf10,lpm1_proper,P2,-5.154844935385881
0.1,T2-SIFT-sf10,thompson_sampling,P3,-0.033084488111611354
0.1,T2-SIFT-sf10,mfmc,P3,-3.25484026861114
0.1,T2-SIFT-sf10,rsvd,P4,-0.8851385947012467
0.1,T2-SIFT-sf10,ica_fastica,P4,-5.109290690565663
0.1,T2-SIFT-sf10,rabitq_strat,P6,-6.367057668273643
0.1,T2-SIFT-sf10,mhist2,P6,-7.125684935699149
0.1,T2-SIFT-sf10,lavallee_hidiroglou,P5,-9.296037585483464
0.1,T2-SSN-sf10,sparse_rp,P4,-8.311974462062969
0.1,T2-SSN-sf10,chao_weighted,P3,-3.1322907855861497
0.1,T2-SSN-sf10,hilbert_real,P2,-3.9251508246553106
0.1,T2-SSN-sf10,hyperloglog,P9,-7.975119499555724
0.1,T2-SSN-sf10,pca1d,P4,-3.370183673671816
0.1,T2-SSN-sf10,minibatch,P1,-3.9402848884369415
0.1,T2-SSN-sf10,kmeans_neyman,P1,-6.494271527038416
0.1,T2-SSN-sf10,hilbert,P2,-2.041104442958275
0.1,T2-SSN-sf10,faiss_ivf,P2,-5.428077240009199
0.1,T2-SSN-sf10,lpm1_proper,P2,1.9639568999366372
0.1,T2-SSN-sf10,thompson_sampling,P3,0.7658268672232251
0.1,T2-SSN-sf10,mfmc,P3,-6.736083852029244
0.1,T2-SSN-sf10,rsvd,P4,-1.0511783628148126
0.1,T2-SSN-sf10,ica_fastica,P4,0.8552687585340317
0.1,T2-SSN-sf10,rabitq_strat,P6,-2.9631452291137297
0.1,T2-SSN-sf10,mhist2,P6,-1.9359154145789372
0.1,T2-SSN-sf10,lavallee_hidiroglou,P5,-0.5691724504938481
0.1,T2-YFCC-sf10,sparse_rp,P4,-3.873635315620713
0.1,T2-YFCC-sf10,chao_weighted,P3,-4.094442635429074
0.1,T2-YFCC-sf10,hilbert_real,P2,-3.3247413278393574
0.1,T2-YFCC-sf10,hyperloglog,P9,-7.065467490416812
0.1,T2-YFCC-sf10,pca1d,P4,-5.380975717190616
0.1,T2-YFCC-sf10,minibatch,P1,-3.1496151076441867
0.1,T2-YFCC-sf10,kmeans_neyman,P1,-1.6291887583016755
0.1,T2-YFCC-sf10,hilbert,P2,1.05365808419281
0.1,T2-YFCC-sf10,faiss_ivf,P2,-0.9303888997282435
0.1,T2-YFCC-sf10,lpm1_proper,P2,-6.637667601735354
0.1,T2-YFCC-sf10,thompson_sampling,P3,1.2208995927569826
0.1,T2-YFCC-sf10,mfmc,P3,-3.132658381417996
0.1,T2-YFCC-sf10,rsvd,P4,-6.908069190697533
0.1,T2-YFCC-sf10,ica_fastica,P4,-4.660719284342059
0.1,T2-YFCC-sf10,rabitq_strat,P6,-1.1850089606656735
0.1,T2-YFCC-sf10,mhist2,P6,-5.856560798829394
0.1,T2-YFCC-sf10,lavallee_hidiroglou,P5,-11.18959709899557
0.1,T2-CC3M-sf10,sparse_rp,P4,-5.574452740468073
0.1,T2-CC3M-sf10,chao_weighted,P3,-9.458983971650733
0.1,T2-CC3M-sf10,hilbert_real,P2,-7.795702557179177
0.1,T2-CC3M-sf10,hyperloglog,P9,-8.351496040501011
0.1,T2-CC3M-sf10,pca1d,P4,-3.6936321029799557
0.1,T2-CC3M-sf10,minibatch,P1,-5.4306822478112045
0.1,T2-CC3M-sf10,kmeans_neyman,P1,-2.5669532476231174
0.1,T2-CC3M-sf10,hilbert,P2,-2.988758288784323
0.1,T2-CC3M-sf10,faiss_ivf,P2,-7.999770451849099
0.1,T2-CC3M-sf10,lpm1_proper,P2,-6.767995327497475
0.1,T2-CC3M-sf10,thompson_sampling,P3,-4.888638548058324
0.1,T2-CC3M-sf10,mfmc,P3,-3.9185656091316807
0.1,T2-CC3M-sf10,rsvd,P4,-0.8843599998243676
0.1,T2-CC3M-sf10,ica_fastica,P4,-0.16238092680944588
0.1,T2-CC3M-sf10,rabitq_strat,P6,-1.5563462303776967
0.1,T2-CC3M-sf10,mhist2,P6,-2.317997147063263
0.1,T2-CC3M-sf10,lavallee_hidiroglou,P5,-4.726278915221931
0.1,A1-DEEP,sparse_rp,P4,-9.11259868192612
0.1,A1-DEEP,chao_weighted,P3,-8.865004673417015
0.1,A1-DEEP,hilbert_real,P2,-5.623259026003042
0.1,A1-DEEP,hyperloglog,P9,-8.472879044020011
0.1,A1-DEEP,pca1d,P4,0.5265006423328016
0.1,A1-DEEP,minibatch,P1,0.22826988932403475
0.1,A1-DEEP,kmeans_neyman,P1,-0.449935099612505
0.1,A1-DEEP,hilbert,P2,-1.5689567083264029
0.1,A1-DEEP,faiss_ivf,P2,-1.3659324163666728
0.1,A1-DEEP,lpm1_proper,P2,-4.155449036948485
0.1,A1-DEEP,thompson_sampling,P3,0.761908474210303
0.1,A1-DEEP,mfmc,P3,4.673104254636014
0.1,A1-DEEP,rsvd,P4,-3.722990706842249
0.1,A1-DEEP,ica_fastica,P4,0.6694840643962758
0.1,A1-DEEP,rabitq_strat,P6,-8.693751788946585
0.1,A1-DEEP,mhist2,P6,-8.14873159645206
0.1,A1-DEEP,lavallee_hidiroglou,P5,-5.214055062457809
0.1,A1-SIFT,sparse_rp,P4,-7.327755236643687
0.1,A1-SIFT,chao_weighted,P3,-9.642148737689741
0.1,A1-SIFT,hilbert_real,P2,-0.3216402962359881
0.1,A1-SIFT,hyperloglog,P9,0.3971553602207436
0.1,A1-SIFT,pca1d,P4,0.1857357995744544
0.1,A1-SIFT,minibatch,P1,-2.1337982391264374
0.1,A1-SIFT,kmeans_neyman,P1,3.123065390172201
0.1,A1-SIFT,hilbert,P2,-10.330642021924682
0.1,A1-SIFT,faiss_ivf,P2,-4.485995680192366
0.1,A1-SIFT,lpm1_proper,P2,-3.8189318923870768
0.1,A1-SIFT,thompson_sampling,P3,-0.06188175595158718
0.1,A1-SIFT,mfmc,P3,-1.9587746063471059
0.1,A1-SIFT,rsvd,P4,-1.452296870598659
0.1,A1-SIFT,ica_fastica,P4,-2.093099423584548
0.1,A1-SIFT,rabitq_strat,P6,-5.375427665426785
0.1,A1-SIFT,mhist2,P6,1.1103853219122333
0.1,A1-SIFT,lavallee_hidiroglou,P5,-2.3108456286374155
0.1,A1-SSN,sparse_rp,P4,-2.008224099862259
0.1,A1-SSN,chao_weighted,P3,-3.5137997986948903
0.1,A1-SSN,hilbert_real,P2,-9.169342494892183
0.1,A1-SSN,hyperloglog,P9,-8.349018664565884
0.1,A1-SSN,pca1d,P4,-2.357066483828294
0.1,A1-SSN,minibatch,P1,-3.6388967236783785
0.1,A1-SSN,kmeans_neyman,P1,-6.466805040255017
0.1,A1-SSN,hilbert,P2,-0.8922348288203048
0.1,A1-SSN,faiss_ivf,P2,-0.5178904447616255
0.1,A1-SSN,lpm1_proper,P2,-3.7470491932651275
0.1,A1-SSN,thompson_sampling,P3,-1.7145583686337884
0.1,A1-SSN,mfmc,P3,-5.546778926120785
0.1,A1-SSN,rsvd,P4,-1.0599000374534493
0.1,A1-SSN,ica_fastica,P4,0.26244303644574773
0.1,A1-SSN,rabitq_strat,P6,-2.811796262083475
0.1,A1-SSN,mhist2,P6,-7.369177860715563
0.1,A1-SSN,lavallee_hidiroglou,P5,0.29254133580930225
0.1,T3-YFCC-sf100,sparse_rp,P4,2.9040167628650835
0.1,T3-YFCC-sf100,chao_weighted,P3,-8.522649899122381
0.1,T3-YFCC-sf100,hilbert_real,P2,-7.072050022399703
0.1,T3-YFCC-sf100,hyperloglog,P9,-5.285668631661215
0.1,T3-YFCC-sf100,pca1d,P4,-2.79027758369078
0.1,T3-YFCC-sf100,minibatch,P1,-7.024328508023807
0.1,T3-YFCC-sf100,kmeans_neyman,P1,-3.441310602969268
0.1,T3-YFCC-sf100,hilbert,P2,-2.3537542942577643
0.1,T3-YFCC-sf100,faiss_ivf,P2,0.3276467527284204
0.1,T3-YFCC-sf100,lpm1_proper,P2,-3.648000643538011
0.1,T3-YFCC-sf100,thompson_sampling,P3,-5.6623784621974345
0.1,T3-YFCC-sf100,mfmc,P3,-6.613157333716398
0.1,T3-YFCC-sf100,rsvd,P4,2.3081795422863682
0.1,T3-YFCC-sf100,ica_fastica,P4,-7.674888360878246
0.1,T3-YFCC-sf100,rabitq_strat,P6,-1.2356183680032395
0.1,T3-YFCC-sf100,mhist2,P6,-7.348936550297354
0.1,T3-YFCC-sf100,lavallee_hidiroglou,P5,-2.7585486992096913
0.1,T3-CC3M-sf100,sparse_rp,P4,-2.2618499635738827
0.1,T3-CC3M-sf100,chao_weighted,P3,1.6674167371977364
0.1,T3-CC3M-sf100,hilbert_real,P2,-11.899415040170137
0.1,T3-CC3M-sf100,hyperloglog,P9,-3.9973595577520733
0.1,T3-CC3M-sf100,pca1d,P4,-1.743150543569958
0.1,T3-CC3M-sf100,minibatch,P1,-4.005926967986095
0.1,T3-CC3M-sf100,kmeans_neyman,P1,2.061692475832309
0.1,T3-CC3M-sf100,hilbert,P2,-2.542209152946655
0.1,T3-CC3M-sf100,faiss_ivf,P2,-0.4812428124084895
0.1,T3-CC3M-sf100,lpm1_proper,P2,-2.519060907640689
0.1,T3-CC3M-sf100,thompson_sampling,P3,-10.85607476026712
0.1,T3-CC3M-sf100,mfmc,P3,-3.2597555446855395
0.1,T3-CC3M-sf100,rsvd,P4,3.942115812397475
0.1,T3-CC3M-sf100,ica_fastica,P4,-9.86176308044299
0.1,T3-CC3M-sf100,rabitq_strat,P6,1.7200378902334574
0.1,T3-CC3M-sf100,mhist2,P6,-3.1812955788487405
0.1,T3-CC3M-sf100,lavallee_hidiroglou,P5,-3.990787141613488
0.1,A2-Fig7,sparse_rp,P4,-4.68578353993404
0.1,A2-Fig7,chao_weighted,P3,-11.511881203632639
0.1,A2-Fig7,hilbert_real,P2,-1.400223206332589
0.1,A2-Fig7,hyperloglog,P9,-1.3225453585564282
0.1,A2-Fig7,pca1d,P4,-3.9220558970342396
0.1,A2-Fig7,minibatch,P1,-2.416155746837017
0.1,A2-Fig7,kmeans_neyman,P1,-1.7179335613482953
0.1,A2-Fig7,hilbert,P2,4.035869138947348
0.1,A2-Fig7,faiss_ivf,P2,-5.347593275241827
0.1,A2-Fig7,lpm1_proper,P2,-2.708435888801712
0.1,A2-Fig7,thompson_sampling,P3,2.2016162346543515
0.1,A2-Fig7,mfmc,P3,-2.1256614018524123
0.1,A2-Fig7,rsvd,P4,3.8685241719225054
0.1,A2-Fig7,ica_fastica,P4,-1.9423937283101496
0.1,A2-Fig7,rabitq_strat,P6,-0.7842759106229145
0.1,A2-Fig7,mhist2,P6,5.3357000626230615
0.1,A2-Fig7,lavallee_hidiroglou,P5,-2.5900362721570485
0.1,A2-Fig8,sparse_rp,P4,0.3733766672373602
0.1,A2-Fig8,chao_weighted,P3,3.0546891507739797
0.1,A2-Fig8,hilbert_real,P2,0.3117266789928098
0.1,A2-Fig8,hyperloglog,P9,-5.379091294456497
0.1,A2-Fig8,pca1d,P4,0.29357703314860706
0.1,A2-Fig8,minibatch,P1,1.6249407818141162
0.1,A2-Fig8,kmeans_neyman,P1,1.9970842302476453
0.1,A2-Fig8,hilbert,P2,-2.7312050250256608
0.1,A2-Fig8,faiss_ivf,P2,-1.9041901857680803
0.1,A2-Fig8,lpm1_proper,P2,-2.6743847795012545
0.1,A2-Fig8,thompson_sampling,P3,-2.6183330949712103
0.1,A2-Fig8,mfmc,P3,-4.200123876589949
0.1,A2-Fig8,rsvd,P4,-1.3597795864233206
0.1,A2-Fig8,ica_fastica,P4,3.794984840224966
0.1,A2-Fig8,rabitq_strat,P6,4.098480741087679
0.1,A2-Fig8,mhist2,P6,-3.0058992369519553
0.1,A2-Fig8,lavallee_hidiroglou,P5,3.0638960780208246
0.1,T4a-multi-288d-2,sparse_rp,P4,-7.96800123818544
0.1,T4a-multi-288d-2,chao_weighted,P3,0.62489642026677
0.1,T4a-multi-288d-2,hilbert_real,P2,-2.6532749885494593
0.1,T4a-multi-288d-2,hyperloglog,P9,-0.6322195720397099
0.1,T4a-multi-288d-2,pca1d,P4,-3.457769639365373
0.1,T4a-multi-288d-2,minibatch,P1,-2.9677035578001165
0.1,T4a-multi-288d-2,kmeans_neyman,P1,1.0735702136919048
0.1,T4a-multi-288d-2,hilbert,P2,-1.8453249505904221
0.1,T4a-multi-288d-2,faiss_ivf,P2,-2.1155705859249383
0.1,T4a-multi-288d-2,lpm1_proper,P2,-3.6162542896129395
0.1,T4a-multi-288d-2,thompson_sampling,P3,-4.42528160376894
0.1,T4a-multi-288d-2,mfmc,P3,-2.256686719145152
0.1,T4a-multi-288d-2,rsvd,P4,-1.592549145302391
0.1,T4a-multi-288d-2,ica_fastica,P4,-0.9054129594292375
0.1,T4a-multi-288d-2,rabitq_strat,P6,-1.3480653309643076
0.1,T4a-multi-288d-2,mhist2,P6,-2.771087178200621
0.1,T4a-multi-288d-2,lavallee_hidiroglou,P5,0.9119726125917178
0.1,A2-Fig9,sparse_rp,P4,-1.6022457145159847
0.1,A2-Fig9,chao_weighted,P3,-3.9163775843797195
0.1,A2-Fig9,hilbert_real,P2,-9.814076475536107
0.1,A2-Fig9,hyperloglog,P9,-7.9033719992995515
0.1,A2-Fig9,pca1d,P4,-2.7693978047961556
0.1,A2-Fig9,minibatch,P1,2.1872359689078715
0.1,A2-Fig9,kmeans_neyman,P1,-6.226051675909922
0.1,A2-Fig9,hilbert,P2,-5.24933804093372
0.1,A2-Fig9,faiss_ivf,P2,-4.312690794116258
0.1,A2-Fig9,lpm1_proper,P2,-0.8507700500682698
0.1,A2-Fig9,thompson_sampling,P3,0.5151418477577399
0.1,A2-Fig9,mfmc,P3,-0.9647286522746956
0.1,A2-Fig9,rsvd,P4,-6.470496000985202
0.1,A2-Fig9,ica_fastica,P4,-3.2395869253622873
0.1,A2-Fig9,rabitq_strat,P6,-0.0913111265040476
0.1,A2-Fig9,mhist2,P6,-0.2766582384856058
0.1,A2-Fig9,lavallee_hidiroglou,P5,0.6559431586271975
0.1,T4b-multi-864d-2,sparse_rp,P4,2.7931124858591416
0.1,T4b-multi-864d-2,chao_weighted,P3,-2.6495473964106164
0.1,T4b-multi-864d-2,hilbert_real,P2,-1.81979265768763
0.1,T4b-multi-864d-2,hyperloglog,P9,-0.3520808531909405
0.1,T4b-multi-864d-2,pca1d,P4,-0.012929935589966413
0.1,T4b-multi-864d-2,minibatch,P1,2.427207293893728
0.1,T4b-multi-864d-2,kmeans_neyman,P1,-2.3210520413504994
0.1,T4b-multi-864d-2,hilbert,P2,-1.8595116030205041
0.1,T4b-multi-864d-2,faiss_ivf,P2,-5.4148433582973166
0.1,T4b-multi-864d-2,lpm1_proper,P2,0.6482714245233392
0.1,T4b-multi-864d-2,thompson_sampling,P3,-4.032952526353668
0.1,T4b-multi-864d-2,mfmc,P3,-2.765909325602541
0.1,T4b-multi-864d-2,rsvd,P4,-0.21069852638983044
0.1,T4b-multi-864d-2,ica_fastica,P4,-4.931340830449905
0.1,T4b-multi-864d-2,rabitq_strat,P6,-3.163790585069931
0.1,T4b-multi-864d-2,mhist2,P6,-4.9583624397226425
0.1,T4b-multi-864d-2,lavallee_hidiroglou,P5,0.7627699132749886
